(662,950)
(878,53)
(675,225)
(14,114)
(528,270)
(866,868)
(253,100)
(827,104)
(955,284)
(399,798)
(339,362)
(78,207)
(51,209)
(570,607)
(808,231)
(503,986)
(826,344)
(511,427)
(961,419)
(771,396)
(831,173)
(929,874)
(244,480)
(30,541)
(490,87)
(981,513)
(465,651)
(341,750)
(638,946)
(349,565)
(495,530)
(82,865)
(120,92)
(765,981)
(43,881)
(280,726)
(719,15)
(716,45)
(995,514)
(770,591)
(48,191)
(343,826)
(211,118)
(323,818)
(734,544)
(362,147)
(448,470)
(885,970)
(926,912)
(166,868)
(481,818)
(2,227)
(296,229)
(269,866)
(601,99)
(352,331)
(724,613)
(133,235)
(504,704)
(150,546)
(345,200)
(112,504)
(480,487)
(542,838)
(111,392)
(416,295)
(190,460)
(597,500)
(714,782)
(303,578)
(373,860)
(871,673)
(692,459)
(906,486)
(192,522)
(707,885)
(366,408)
(223,308)
(32,308)
(55,242)
(877,442)
(874,842)
(415,601)
(132,522)
(278,563)
(740,126)
(853,590)
(284,920)
(656,345)
(185,132)
(770,693)
(200,187)
(624,299)
(811,930)
(805,62)
(602,308)
(572,706)
(327,202)
(965,541)
(298,736)
(667,224)
(641,534)
(981,964)
(462,251)
(985,619)
(599,184)
(956,136)
(531,941)
(67,457)
(853,759)
(572,909)
(83,963)
(317,238)
(408,63)
(761,933)
(757,153)
(761,877)
(464,363)
(546,662)
(133,153)
(228,645)
(379,971)
(333,963)
(254,172)
(511,672)
(602,681)
(52,967)
(373,270)
(965,683)
(205,224)
(464,992)
(41,520)
(639,416)
(322,578)
(529,241)
(232,504)
(551,555)
(758,621)
(771,275)
(87,225)
(335,347)
(585,232)
(594,43)
(380,624)
(678,429)
(305,408)
(815,711)
(757,285)
(902,868)
(295,421)
(308,315)
(542,950)
(191,12)
(787,915)
(941,234)
(896,559)
(116,145)
(252,242)
(16,617)
(637,233)
(430,177)
(398,224)
(855,707)
(902,250)
(92,115)
(493,708)
(710,155)
(166,985)
(171,503)
(825,487)
(459,298)
(96,934)
(517,278)
(574,84)
(723,445)
(952,833)
(866,509)
(369,695)
(191,238)
(922,333)
(432,354)
(270,613)
(640,237)
(200,694)
(360,861)
(730,495)
(981,140)
(221,257)
(74,34)
(316,217)
(487,481)
(263,98)
(661,118)
(276,921)
(895,325)
(153,481)
(861,802)
(219,815)
(377,33)
(654,99)
(20,758)
(378,510)
(652,169)
(376,810)
(431,544)
(860,291)
(194,2)
(965,720)
(461,205)
(10,206)
(716,424)
(76,949)
(605,201)
(84,478)
(562,278)
(746,153)
(70,785)
(583,929)
(512,816)
(869,983)
(602,847)
(561,601)
(351,649)
(884,49)
(853,585)
(462,772)
(871,925)
(488,569)
(556,667)
(308,658)
(281,279)
(444,348)
(831,254)
(593,778)
(716,94)
(119,848)
(205,435)
(462,597)
(821,403)
(309,390)
(425,149)
(442,406)
(359,89)
(403,60)
(894,804)
(736,961)
(169,583)
(608,480)
(779,945)
(181,690)
(522,978)
(491,585)
(798,456)
(943,85)
(820,12)
(86,786)
(826,572)
(3,29)
(285,796)
(313,971)
(871,501)
(648,120)
(170,653)
(284,948)
(822,278)
(7,493)
(241,105)
(280,649)
(995,913)
(461,746)
(419,572)
(347,770)
(566,424)
(180,109)
(629,648)
(910,768)
(871,136)
(194,857)
(843,900)
(600,482)
(389,287)
(46,371)
(203,987)
(686,836)
(716,962)
(728,648)
(998,355)
(675,826)
(149,800)
(484,370)
(246,872)
(476,30)
(821,591)
(371,593)
(406,666)
(894,829)
(682,353)
(83,309)
(288,195)
(149,220)
(541,643)
(744,941)
(215,902)
(793,999)
(60,340)
(454,814)
(902,217)
(702,261)
(181,296)
(698,522)
(461,392)
(562,168)
(237,53)
(268,711)
(36,808)
(763,177)
(701,861)
(238,46)
(663,748)
(742,855)
(818,603)
(835,282)
(897,85)
(852,153)
(633,603)
(64,533)
(992,697)
(358,895)
(399,247)
(217,987)
(982,985)
(528,920)
(387,157)
(96,592)
(326,927)
(136,549)
(797,998)
(799,100)
(781,214)
(609,497)
(848,464)
(998,874)
(933,654)
(288,108)
(447,278)
(700,198)
(208,714)
(317,38)
(27,630)
(281,434)
(45,531)
(141,965)
(980,810)
(945,433)
(856,529)
(236,606)
(458,967)
(379,719)
(357,342)
(419,654)
(665,722)
(44,793)
(910,529)
(85,692)
(884,81)
(990,766)
(793,200)
(755,282)
(394,96)
(351,116)
(641,709)
(750,635)
(931,9)
(698,488)
(564,153)
(714,569)
(457,762)
(784,28)
(97,297)
(421,144)
(80,973)
(437,592)
(295,199)
(877,282)
(222,408)
(827,819)
(321,402)
(755,90)
(977,344)
(383,635)
(900,601)
(206,834)
(383,432)
(827,802)
(544,551)
(133,828)
(500,141)
(235,136)
(380,98)
(763,586)
(456,651)
(97,312)
(231,896)
(248,602)
(338,121)
(95,711)
(681,304)
(116,692)
(103,869)
(205,12)
(979,353)
(303,476)
(358,341)
(34,734)
(330,527)
(428,357)
(680,857)
(218,336)
(84,105)
(128,545)
(745,121)
(133,419)
(135,230)
(675,10)
(838,662)
(127,142)
(558,494)
(492,582)
(299,150)
(422,684)
(246,947)
(548,714)
(118,285)
(221,266)
(79,261)
(349,642)
(811,491)
(852,262)
(252,913)
(661,7)
(744,62)
(565,470)
(9,544)
(659,140)
(982,671)
(508,215)
(413,418)
(512,738)
(545,683)
(461,493)
(10,277)
(281,940)
(246,406)
(741,150)
(271,458)
(645,221)
(943,83)
(557,649)
(196,320)
(208,759)
(931,359)
(332,926)
(902,131)
(153,818)
(754,721)
(924,810)
(504,18)
(420,227)
(11,549)
(275,839)
(960,111)
(863,559)
(997,395)
(553,109)
(337,751)
(645,994)
(480,815)
(368,791)
(80,516)
(50,770)
(747,2)
(944,820)
(610,636)
(51,113)
(296,805)
(397,118)
(780,422)
(116,952)
(846,50)
(936,216)
(623,64)
(49,969)
(514,694)
(307,952)
(939,978)
(385,676)
(338,137)
(184,448)
(437,301)
(76,268)
(744,414)
(207,542)
(815,793)
(20,45)
(101,318)
(114,822)
(93,917)
(650,282)
(556,140)
(876,167)
(902,167)
(137,823)
(550,698)
(843,697)
(617,639)
(542,659)
(44,841)
(986,94)
(838,59)
(512,68)
(292,873)
(134,953)
(317,941)
(665,289)
(663,183)
(638,19)
(372,476)
(534,698)
(979,467)
(590,44)
(587,776)
(388,23)
(145,779)
(845,280)
(989,77)
(368,599)
(348,748)
(70,929)
(858,374)
(180,625)
(73,99)
(445,334)
(464,542)
(516,277)
(617,538)
(292,731)
(289,272)
(983,85)
(18,611)
(466,826)
(470,873)
(101,733)
(983,778)
(974,217)
(483,292)
(77,441)
(810,991)
(479,727)
(599,699)
(466,649)
(434,181)
(359,147)
(751,107)
(115,665)
(351,263)
(895,90)
(765,352)
(831,730)
(69,805)
(135,403)
(988,367)
(699,753)
(599,94)
(876,320)
(550,960)
(259,261)
(140,435)
(981,455)
(434,245)
(905,337)
(408,109)
(485,635)
(421,957)
(138,916)
(779,979)
(694,921)
(599,341)
(734,796)
(978,96)
(206,798)
(940,41)
(602,249)
(880,415)
(744,997)
(167,167)
(37,232)
(996,205)
(993,863)
(144,204)
(169,251)
(410,625)
(456,501)
(566,94)
(197,527)
(170,190)
(660,36)
(260,88)
(276,661)
(199,824)
(919,245)
(439,323)
(959,344)
(406,283)
(243,50)
(27,713)
(173,440)
(752,139)
(86,112)
(809,676)
(469,339)
(388,947)
(752,410)
(498,700)
(290,290)
(340,622)
(620,296)
(463,780)
(640,731)
(663,681)
(253,129)
(795,485)
(799,33)
(255,590)
(504,55)
(582,645)
(97,531)
(833,760)
(867,677)
(483,613)
(518,57)
(206,121)
(46,767)
(32,66)
(986,477)
(93,728)
(955,534)
(743,671)
(154,834)
(129,508)
(343,945)
(827,853)
(827,288)
(984,937)
(877,573)
(178,519)
(769,791)
(586,351)
(498,937)
(326,512)
(610,769)
(955,551)
(376,333)
(609,536)
(304,490)
(690,195)
(499,478)
(923,423)
(96,306)
(731,186)
(516,127)
(273,335)
(713,713)
(478,925)
(459,54)
(280,921)
(516,624)
(121,947)
(305,411)
(106,589)
(198,835)
(149,825)
(660,669)
(803,556)
(609,507)
(176,185)
(496,706)
(349,473)
(242,815)
(282,877)
(766,443)
(595,833)
(638,646)
(480,581)
(790,401)
(208,354)
(314,923)
(49,189)
(913,628)
(196,458)
(206,858)
(306,305)
(446,77)
(824,384)
(239,84)
(598,689)
(56,909)
(638,125)
(517,633)
(480,954)
(938,326)
(859,206)
(667,726)
(472,810)
(5,623)
(476,844)
(627,570)
